53.166667
37.033333
32.466667
17.200000
17.400000
16.233333
17.233333
16.600000
16.366667
16.900000
15.666667
17.533333
16.500000
17.233333
16.166667
16.733333
16.866667
16.466667
16.133333
16.366667
17.166667
17.000000
17.600000
16.333333
15.766667
17.366667
16.833333
16.233333
16.266667
15.933333
16.700000
16.266667
16.333333
16.533333
16.300000
17.466667
16.933333
16.133333
17.466667
16.466667
16.433333
16.866667
16.133333
17.566667
16.500000
16.233333
16.600000
16.600000
16.666667
16.466667
