21.266667
62.833333
35.800000
39.200000
25.500000
20.266667
32.933333
34.800000
19.333333
23.033333
19.833333
19.766667
19.400000
24.966667
19.533333
20.200000
21.200000
19.133333
20.566667
19.033333
18.400000
19.366667
18.000000
17.666667
18.933333
17.866667
19.500000
18.500000
17.266667
18.966667
18.200000
18.300000
18.600000
18.700000
19.300000
17.766667
20.133333
18.133333
18.600000
18.466667
18.833333
19.200000
19.000000
18.000000
18.533333
18.333333
18.900000
17.733333
19.533333
19.066667
